className:t="composit"

node{
  name:t="barrage_balloon_a"
  tm:m=[[-0.906308, 0.0, -0.422618] [0.0, 1.0, 0.0] [0.422618, 0.0, -0.906308] [1339.63, 1484.52, 499.548]]
}

node{
  name:t="barrage_balloon_a"
  tm:m=[[-0.996195, 0.0, -0.0871559] [0.0, 1.0, 0.0] [0.0871559, 0.0, -0.996195] [1491.47, 1556.69, 104.878]]
}

node{
  name:t="barrage_balloon_a"
  tm:m=[[1.0, 0.0, 0.0] [0.0, 1.0, 0.0] [0.0, 0.0, 1.0] [1141.2, 1237.39, 807.455]]
}

node{
  name:t="barrage_balloon_a"
  tm:m=[[1.0, 0.0, 0.0] [0.0, 1.0, 0.0] [0.0, 0.0, 1.0] [616.878, 1555.0, 499.548]]
}

node{
  name:t="barrage_balloon_a"
  tm:m=[[-4.37114e-08, 0.0, 1.0] [0.0, 1.0, 0.0] [-1.0, 0.0, -4.37114e-08] [524.054, 1484.52, 262.631]]
}

node{
  name:t="barrage_balloon_a"
  tm:m=[[0.0871553, 0.0, 0.996195] [0.0, 1.0, 0.0] [-0.996195, 0.0, 0.0871553] [225.111, 1621.87, 499.548]]
}

node{
  name:t="barrage_balloon_a"
  tm:m=[[0.34202, 0.0, 0.939693] [0.0, 1.0, 0.0] [-0.939693, 0.0, 0.34202] [344.835, 1004.8, 619.071]]
}

node{
  name:t="barrage_balloon_a"
  tm:m=[[-0.866025, 0.0, -0.5] [0.0, 1.0, 0.0] [0.5, 0.0, -0.866025] [348.891, 1470.0, 1257.92]]
}

node{
  name:t="barrage_balloon_a"
  tm:m=[[1.0, 0.0, 0.0] [0.0, 1.0, 0.0] [0.0, 0.0, 1.0] [-144.133, 1171.61, 822.842]]
}

node{
  name:t="barrage_balloon_a"
  tm:m=[[1.0, 0.0, 0.0] [0.0, 1.0, 0.0] [0.0, 0.0, 1.0] [-1563.31, 1266.27, 543.2]]
}

node{
  name:t="barrage_balloon_a"
  tm:m=[[1.0, 0.0, 0.0] [0.0, 1.0, 0.0] [0.0, 0.0, 1.0] [-802.219, 1222.32, 1194.13]]
}

node{
  name:t="barrage_balloon_a"
  tm:m=[[0.422618, 0.0, 0.906308] [0.0, 1.0, 0.0] [-0.906308, 0.0, 0.422618] [-551.4, 1236.25, -608.581]]
}

node{
  name:t="barrage_balloon_a"
  tm:m=[[1.0, 0.0, 0.0] [0.0, 1.0, 0.0] [0.0, 0.0, 1.0] [-1071.51, 1398.42, -454.263]]
}

node{
  name:t="barrage_balloon_a"
  tm:m=[[-0.819152, 0.0, -0.573576] [0.0, 1.0, 0.0] [0.573576, 0.0, -0.819152] [-1126.66, 1501.54, -297.701]]
}

node{
  name:t="barrage_balloon_a"
  tm:m=[[0.573576, 0.0, 0.819152] [0.0, 1.0, 0.0] [-0.819152, 0.0, 0.573576] [-2487.66, 1655.09, -258.697]]
}

node{
  name:t="barrage_balloon_a"
  tm:m=[[0.996195, 0.0, 0.0871557] [0.0, 1.0, 0.0] [-0.0871557, 0.0, 0.996195] [-1378.61, 1344.3, -356.747]]
}

node{
  name:t="barrage_balloon_a"
  tm:m=[[-0.819152, 0.0, -0.573576] [0.0, 1.0, 0.0] [0.573576, 0.0, -0.819152] [-1478.05, 1524.87, -857.568]]
}

node{
  name:t="barrage_balloon_a"
  tm:m=[[0.173648, 0.0, 0.984808] [0.0, 1.0, 0.0] [-0.984808, 0.0, 0.173648] [-2512.24, 1301.32, -1156.44]]
}

node{
  name:t="barrage_balloon_a"
  tm:m=[[1.0, 0.0, 0.0] [0.0, 1.0, 0.0] [0.0, 0.0, 1.0] [1980.48, 1268.52, -69.4038]]
}

node{
  name:t="barrage_balloon_a"
  tm:m=[[-0.642788, 0.0, -0.766044] [0.0, 1.0, 0.0] [0.766044, 0.0, -0.642788] [73.0165, 1508.19, -159.818]]
}

node{
  name:t="barrage_balloon_a"
  tm:m=[[1.0, 0.0, 0.0] [0.0, 1.0, 0.0] [0.0, 0.0, 1.0] [1646.46, 1517.37, -578.12]]
}

node{
  name:t="barrage_balloon_a"
  tm:m=[[1.0, 0.0, 0.0] [0.0, 1.0, 0.0] [0.0, 0.0, 1.0] [2515.52, 1070.62, -735.76]]
}

node{
  name:t="barrage_balloon_a"
  tm:m=[[1.0, 0.0, 0.0] [0.0, 1.0, 0.0] [0.0, 0.0, 1.0] [-647.372, 1314.78, 701.901]]
}

node{
  name:t="barrage_balloon_a"
  tm:m=[[1.0, 0.0, 0.0] [0.0, 1.0, 0.0] [0.0, 0.0, 1.0] [-1181.48, 1612.04, 744.215]]
}

node{
  name:t="barrage_balloon_a"
  tm:m=[[1.0, 0.0, 0.0] [0.0, 1.0, 0.0] [0.0, 0.0, 1.0] [-1926.93, 1486.49, 179.208]]
}

node{
  name:t="barrage_balloon_a"
  tm:m=[[-0.819152, 0.0, -0.573576] [0.0, 1.0, 0.0] [0.573576, 0.0, -0.819152] [-1572.18, 1375.36, -1263.36]]
}

node{
  name:t="barrage_balloon_a"
  tm:m=[[-0.866025, 0.0, -0.5] [0.0, 1.0, 0.0] [0.5, 0.0, -0.866025] [-879.715, 1343.88, 222.092]]
}

node{
  name:t="barrage_balloon_a"
  tm:m=[[-0.819152, 0.0, -0.573576] [0.0, 1.0, 0.0] [0.573576, 0.0, -0.819152] [-1811.34, 1273.09, -204.362]]
}

node{
  name:t="barrage_balloon_a"
  tm:m=[[-0.819152, 0.0, 0.573576] [0.0, 1.0, 0.0] [-0.573576, 0.0, -0.819152] [-1442.9, 1437.48, 137.884]]
}

node{
  name:t="barrage_balloon_a"
  tm:m=[[0.573576, 0.0, -0.819152] [0.0, 1.0, 0.0] [0.819152, 0.0, 0.573576] [736.988, 1484.52, 659.602]]
}

node{
  name:t="barrage_balloon_a"
  tm:m=[[0.766044, 0.0, 0.642788] [0.0, 1.0, 0.0] [-0.642788, 0.0, 0.766044] [-206.108, 1650.76, 399.131]]
}

node{
  name:t="barrage_balloon_a"
  tm:m=[[-0.906308, 0.0, -0.422618] [0.0, 1.0, 0.0] [0.422618, 0.0, -0.906308] [-564.164, 1315.52, 333.875]]
}

node{
  name:t="barrage_balloon_a"
  tm:m=[[0.5, 0.0, -0.866025] [0.0, 1.0, 0.0] [0.866025, 0.0, 0.5] [-419.547, 1584.96, 60.4019]]
}

node{
  name:t="barrage_balloon_a"
  tm:m=[[-0.906308, 0.0, -0.422618] [0.0, 1.0, 0.0] [0.422618, 0.0, -0.906308] [888.456, 1151.66, 64.621]]
}

node{
  name:t="barrage_balloon_a"
  tm:m=[[0.573576, 0.0, 0.819152] [0.0, 1.0, 0.0] [-0.819152, 0.0, 0.573576] [373.04, 1484.52, -301.367]]
}

node{
  name:t="barrage_balloon_a"
  tm:m=[[-0.906308, 0.0, -0.422618] [0.0, 1.0, 0.0] [0.422618, 0.0, -0.906308] [-451.282, 1582.6, -960.651]]
}

node{
  name:t="barrage_balloon_a"
  tm:m=[[1.0, 0.0, 0.0] [0.0, 1.0, 0.0] [0.0, 0.0, 1.0] [-541.559, 1357.85, -1078.51]]
}

node{
  name:t="barrage_balloon_a"
  tm:m=[[1.0, 0.0, 0.0] [0.0, 1.0, 0.0] [0.0, 0.0, 1.0] [2039.24, 1484.52, -642.085]]
}

node{
  name:t="barrage_balloon_a"
  tm:m=[[1.0, 0.0, 0.0] [0.0, 1.0, 0.0] [0.0, 0.0, 1.0] [-207.129, 1724.15, -463.82]]
}

node{
  name:t="barrage_balloon_a"
  tm:m=[[1.0, 0.0, 0.0] [0.0, 1.0, 0.0] [0.0, 0.0, 1.0] [162.835, 1333.26, -1133.05]]
}

node{
  name:t="barrage_balloon_a"
  tm:m=[[1.0, 0.0, 0.0] [0.0, 1.0, 0.0] [0.0, 0.0, 1.0] [705.718, 1456.12, -536.083]]
}

node{
  name:t="barrage_balloon_a"
  tm:m=[[0.173648, 0.0, 0.984808] [0.0, 1.0, 0.0] [-0.984808, 0.0, 0.173648] [1232.85, 1577.69, -1043.04]]
}

node{
  name:t="barrage_balloon_a"
  tm:m=[[-0.906308, 0.0, 0.422618] [0.0, 1.0, 0.0] [-0.422618, 0.0, -0.906308] [2456.21, 1476.97, -1050.2]]
}

node{
  name:t="barrage_balloon_a"
  tm:m=[[-0.173648, 0.0, 0.984808] [0.0, 1.0, 0.0] [-0.984808, 0.0, -0.173648] [956.458, 1734.32, -500.414]]
}

node{
  name:t="barrage_balloon_a"
  tm:m=[[0.707107, 0.0, 0.707107] [0.0, 1.0, 0.0] [-0.707107, 0.0, 0.707107] [-1300.01, 1604.31, 1042.09]]
}

node{
  name:t="barrage_balloon_a"
  tm:m=[[-0.866025, 0.0, -0.5] [0.0, 1.0, 0.0] [0.5, 0.0, -0.866025] [-1777.45, 1670.69, 855.615]]
}

node{
  name:t="barrage_balloon_a"
  tm:m=[[-0.906308, 0.0, 0.422618] [0.0, 1.0, 0.0] [-0.422618, 0.0, -0.906308] [230.123, 1458.43, 17.1457]]
}

node{
  name:t="barrage_balloon_a"
  tm:m=[[1.0, 0.0, 0.0] [0.0, 1.0, 0.0] [0.0, 0.0, 1.0] [1231.77, 1225.05, 440.29]]
}

node{
  name:t="barrage_balloon_a"
  tm:m=[[-0.0871556, 0.0, -0.996195] [0.0, 1.0, 0.0] [0.996195, 0.0, -0.0871556] [1928.62, 1399.36, 344.55]]
}

node{
  name:t="barrage_balloon_a"
  tm:m=[[-0.573576, 0.0, -0.819152] [0.0, 1.0, 0.0] [0.819152, 0.0, -0.573576] [-1475.22, 1068.33, 1144.26]]
}

node{
  name:t="barrage_balloon_a"
  tm:m=[[1.0, 0.0, 0.0] [0.0, 1.0, 0.0] [0.0, 0.0, 1.0] [-245.828, 1329.36, 591.649]]
}

node{
  name:t="barrage_balloon_a"
  tm:m=[[-0.173648, 0.0, -0.984808] [0.0, 1.0, 0.0] [0.984808, 0.0, -0.173648] [592.165, 1290.51, 941.615]]
}

node{
  name:t="barrage_balloon_a"
  tm:m=[[-0.258819, 0.0, -0.965926] [0.0, 1.0, 0.0] [0.965926, 0.0, -0.258819] [-306.712, 1464.83, 980.257]]
}

node{
  name:t="barrage_balloon_a"
  tm:m=[[1.0, 0.0, 0.0] [0.0, 1.0, 0.0] [0.0, 0.0, 1.0] [-133.129, 1262.4, 1066.03]]
}

node{
  name:t="barrage_balloon_a"
  tm:m=[[-0.422618, 0.0, -0.906308] [0.0, 1.0, 0.0] [0.906308, 0.0, -0.422618] [-981.005, 1514.16, 834.202]]
}

node{
  name:t="barrage_balloon_a"
  tm:m=[[-0.819152, 0.0, -0.573576] [0.0, 1.0, 0.0] [0.573576, 0.0, -0.819152] [-1243.36, 1484.52, -591.242]]
}

node{
  name:t="barrage_balloon_a"
  tm:m=[[-0.996195, 0.0, -0.0871559] [0.0, 1.0, 0.0] [0.0871559, 0.0, -0.996195] [-2043.47, 1389.15, -1006.63]]
}

node{
  name:t="barrage_balloon_a"
  tm:m=[[1.0, 0.0, 0.0] [0.0, 1.0, 0.0] [0.0, 0.0, 1.0] [-1338.16, 1310.47, -79.7297]]
}

node{
  name:t="barrage_balloon_a"
  tm:m=[[-4.37114e-08, 0.0, 1.0] [0.0, 1.0, 0.0] [-1.0, 0.0, -4.37114e-08] [-1717.86, 1306.25, -658.289]]
}

node{
  name:t="barrage_balloon_a"
  tm:m=[[-0.906308, 0.0, 0.422618] [0.0, 1.0, 0.0] [-0.422618, 0.0, -0.906308] [-2321.19, 1661.17, 143.304]]
}

node{
  name:t="barrage_balloon_a"
  tm:m=[[1.0, 0.0, 0.0] [0.0, 1.0, 0.0] [0.0, 0.0, 1.0] [400.432, 1329.63, -974.448]]
}

node{
  name:t="barrage_balloon_a"
  tm:m=[[0.258819, 0.0, -0.965926] [0.0, 1.0, 0.0] [0.965926, 0.0, 0.258819] [-1646.66, 1555.52, -388.606]]
}

node{
  name:t="barrage_balloon_a"
  tm:m=[[0.766044, 0.0, 0.642788] [0.0, 1.0, 0.0] [-0.642788, 0.0, 0.766044] [-871.333, 1635.48, -251.528]]
}

node{
  name:t="barrage_balloon_a"
  tm:m=[[1.0, 0.0, 0.0] [0.0, 1.0, 0.0] [0.0, 0.0, 1.0] [-683.469, 1700.52, -719.172]]
}

node{
  name:t="barrage_balloon_a"
  tm:m=[[-0.996195, 0.0, -0.0871559] [0.0, 1.0, 0.0] [0.0871559, 0.0, -0.996195] [837.217, 1217.57, -902.252]]
}

node{
  name:t="barrage_balloon_a"
  tm:m=[[-0.819152, 0.0, -0.573576] [0.0, 1.0, 0.0] [0.573576, 0.0, -0.819152] [1867.53, 1582.63, -987.336]]
}

node{
  name:t="barrage_balloon_a"
  tm:m=[[0.819152, 0.0, -0.573577] [0.0, 1.0, 0.0] [0.573577, 0.0, 0.819152] [-472.2, 1318.54, -171.734]]
}

node{
  name:t="barrage_balloon_a"
  tm:m=[[-0.996195, 0.0, -0.0871559] [0.0, 1.0, 0.0] [0.0871559, 0.0, -0.996195] [-989.328, 1484.52, -1070.07]]
}

node{
  name:t="barrage_balloon_a"
  tm:m=[[-0.573577, 0.0, 0.819152] [0.0, 1.0, 0.0] [-0.819152, 0.0, -0.573577] [-86.1534, 1644.24, -340.763]]
}

node{
  name:t="barrage_balloon_a"
  tm:m=[[-0.906308, 0.0, -0.422618] [0.0, 1.0, 0.0] [0.422618, 0.0, -0.906308] [-2327.92, 1664.57, -535.725]]
}

node{
  name:t="barrage_balloon_a"
  tm:m=[[-0.906308, 0.0, -0.422618] [0.0, 1.0, 0.0] [0.422618, 0.0, -0.906308] [325.369, 1674.75, -623.113]]
}

node{
  name:t="barrage_balloon_a"
  tm:m=[[-0.573576, 0.0, 0.819152] [0.0, 1.0, 0.0] [-0.819152, 0.0, -0.573576] [-1045.77, 1267.86, -752.971]]
}

node{
  name:t="barrage_balloon_a"
  tm:m=[[-0.819152, 0.0, -0.573576] [0.0, 1.0, 0.0] [0.573576, 0.0, -0.819152] [1695.5, 1471.08, -157.971]]
}

node{
  name:t="barrage_balloon_a"
  tm:m=[[1.0, 0.0, 0.0] [0.0, 1.0, 0.0] [0.0, 0.0, 1.0] [-164.784, 1658.79, -791.389]]
}

node{
  name:t="barrage_balloon_a"
  tm:m=[[1.0, 0.0, 0.0] [0.0, 1.0, 0.0] [0.0, 0.0, 1.0] [1369.05, 1513.85, -714.416]]
}

node{
  name:t="barrage_balloon_a"
  tm:m=[[1.0, 0.0, 0.0] [0.0, 1.0, 0.0] [0.0, 0.0, 1.0] [950.028, 1339.28, -363.76]]
}

node{
  name:t="barrage_balloon_a"
  tm:m=[[1.0, 0.0, 0.0] [0.0, 1.0, 0.0] [0.0, 0.0, 1.0] [-11.4764, 1405.75, -635.094]]
}

node{
  name:t="small_cargo_ship"
  tm:m=[[1.0, 0.0, 0.0] [0.0, 1.0, 0.0] [0.0, 0.0, 1.0] [-804.01, -0.652149, 1194.64]]
}

node{
  name:t="small_cargo_ship"
  tm:m=[[0.0871553, 0.0, 0.996195] [0.0, 1.0, 0.0] [-0.996195, 0.0, 0.0871553] [224.74, -0.652149, 502.567]]
}

node{
  name:t="small_cargo_ship"
  tm:m=[[-0.573576, 0.0, 0.819152] [0.0, 1.0, 0.0] [-0.819152, 0.0, -0.573576] [-1052.93, -0.652149, -750.46]]
}

node{
  name:t="small_cargo_ship"
  tm:m=[[0.819152, 0.0, -0.573577] [0.0, 1.0, 0.0] [0.573577, 0.0, 0.819152] [-467.029, -0.652149, -167.241]]
}

node{
  name:t="small_cargo_ship"
  tm:m=[[1.0, 0.0, 0.0] [0.0, 1.0, 0.0] [0.0, 0.0, 1.0] [2042.9, -0.652149, -644.88]]
}

node{
  name:t="small_cargo_ship"
  tm:m=[[-0.642788, 0.0, -0.766044] [0.0, 1.0, 0.0] [0.766044, 0.0, -0.642788] [68.6174, -0.652149, -159.277]]
}

node{
  name:t="small_cargo_ship"
  tm:m=[[1.0, 0.0, 0.0] [0.0, 1.0, 0.0] [0.0, 0.0, 1.0] [1220.8, -0.652149, 438.712]]
}

node{
  name:t="small_cargo_ship"
  tm:m=[[-0.906308, 0.0, 0.422618] [0.0, 1.0, 0.0] [-0.422618, 0.0, -0.906308] [-2323.66, -0.652149, 146.602]]
}

node{
  name:t="small_cargo_ship"
  tm:m=[[1.0, 0.0, 0.0] [0.0, 1.0, 0.0] [0.0, 0.0, 1.0] [-1566.38, -0.652149, 540.059]]
}

node{
  name:t="small_cargo_ship"
  tm:m=[[0.766044, 0.0, 0.642788] [0.0, 1.0, 0.0] [-0.642788, 0.0, 0.766044] [-874.413, -0.652149, -254.692]]
}

node{
  name:t="seiner_boat"
  tm:m=[[-0.422618, 0.0, -0.906308] [0.0, 1.0, 0.0] [0.906308, 0.0, -0.422618] [-1484.43, -0.652149, 1147.6]]
}

node{
  name:t="seiner_boat"
  tm:m=[[-0.996195, 0.0, -0.0871559] [0.0, 1.0, 0.0] [0.0871559, 0.0, -0.996195] [-2047.0, -0.652149, -1007.63]]
}

node{
  name:t="seiner_boat"
  tm:m=[[1.0, 0.0, 0.0] [0.0, 1.0, 0.0] [0.0, 0.0, 1.0] [2506.15, -0.652149, -736.211]]
}

node{
  name:t="seiner_boat"
  tm:m=[[-0.173648, 0.0, 0.984808] [0.0, 1.0, 0.0] [-0.984808, 0.0, -0.173648] [962.467, -0.652149, -507.603]]
}

node{
  name:t="seiner_boat"
  tm:m=[[-0.996195, 0.0, -0.0871559] [0.0, 1.0, 0.0] [0.0871559, 0.0, -0.996195] [1497.12, -0.652149, 108.208]]
}

node{
  name:t="seiner_boat"
  tm:m=[[-0.173648, 0.0, -0.984808] [0.0, 1.0, 0.0] [0.984808, 0.0, -0.173648] [589.45, -0.652149, 946.713]]
}

node{
  name:t="seiner_boat"
  tm:m=[[1.0, 0.0, 0.0] [0.0, 1.0, 0.0] [0.0, 0.0, 1.0] [-138.311, -0.652149, 1076.5]]
}

node{
  name:t="seiner_boat"
  tm:m=[[-0.819152, 0.0, -0.573576] [0.0, 1.0, 0.0] [0.573576, 0.0, -0.819152] [-1815.42, -0.652149, -202.834]]
}

node{
  name:t="seiner_boat"
  tm:m=[[0.422618, 0.0, 0.906308] [0.0, 1.0, 0.0] [-0.906308, 0.0, 0.422618] [-561.641, -0.652149, -606.759]]
}

node{
  name:t="seiner_boat"
  tm:m=[[-0.0871556, 0.0, -0.996195] [0.0, 1.0, 0.0] [0.996195, 0.0, -0.0871556] [1923.01, -0.652149, 348.862]]
}

node{
  name:t="seiner_boat"
  tm:m=[[-0.866025, 0.0, -0.5] [0.0, 1.0, 0.0] [0.5, 0.0, -0.866025] [339.628, -0.652149, 1264.96]]
}

node{
  name:t="seiner_boat"
  tm:m=[[-0.906308, 0.0, -0.422618] [0.0, 1.0, 0.0] [0.422618, 0.0, -0.906308] [-578.775, -0.652149, 339.63]]
}

node{
  name:t="seiner_boat"
  tm:m=[[-4.37114e-08, 0.0, 1.0] [0.0, 1.0, 0.0] [-1.0, 0.0, -4.37114e-08] [-1724.8, -0.652149, -659.591]]
}

node{
  name:t="seiner_boat"
  tm:m=[[-0.819152, 0.0, -0.573576] [0.0, 1.0, 0.0] [0.573576, 0.0, -0.819152] [-1575.67, -0.652149, -1264.96]]
}

node{
  name:t="seiner_boat"
  tm:m=[[-0.819152, 0.0, -0.573576] [0.0, 1.0, 0.0] [0.573576, 0.0, -0.819152] [1692.39, -0.652149, -156.06]]
}

node{
  name:t="seiner_boat"
  tm:m=[[-0.819152, 0.0, -0.573576] [0.0, 1.0, 0.0] [0.573576, 0.0, -0.819152] [1858.1, -0.652149, -990.505]]
}

node{
  name:t="seiner_boat"
  tm:m=[[-0.906308, 0.0, 0.422618] [0.0, 1.0, 0.0] [-0.422618, 0.0, -0.906308] [2460.24, -0.652149, -1046.83]]
}

node{
  name:t="seiner_boat"
  tm:m=[[-0.906308, 0.0, -0.422618] [0.0, 1.0, 0.0] [0.422618, 0.0, -0.906308] [893.379, -0.652149, 66.2875]]
}

node{
  name:t="seiner_boat"
  tm:m=[[-0.906308, 0.0, -0.422618] [0.0, 1.0, 0.0] [0.422618, 0.0, -0.906308] [320.956, -0.652149, -622.954]]
}

node{
  name:t="seiner_boat"
  tm:m=[[1.0, 0.0, 0.0] [0.0, 1.0, 0.0] [0.0, 0.0, 1.0] [154.875, -0.652149, -1131.81]]
}

node{
  name:t="seiner_boat"
  tm:m=[[0.173648, 0.0, 0.984808] [0.0, 1.0, 0.0] [-0.984808, 0.0, 0.173648] [-2515.52, -0.652149, -1160.4]]
}

node{
  name:t="seiner_boat"
  tm:m=[[0.573576, 0.0, 0.819152] [0.0, 1.0, 0.0] [-0.819152, 0.0, 0.573576] [-2491.9, -0.652149, -259.96]]
}

node{
  name:t="seiner_boat"
  tm:m=[[-0.819152, 0.0, -0.573576] [0.0, 1.0, 0.0] [0.573576, 0.0, -0.819152] [-1485.2, -0.652149, -855.583]]
}

node{
  name:t="seiner_boat"
  tm:m=[[1.0, 0.0, 0.0] [0.0, 1.0, 0.0] [0.0, 0.0, 1.0] [-1937.16, -0.652149, 180.125]]
}

node{
  name:t="seiner_boat"
  tm:m=[[1.0, 0.0, 0.0] [0.0, 1.0, 0.0] [0.0, 0.0, 1.0] [-16.0246, -0.652149, -630.142]]
}

node{
  name:t="small_cargo_ship"
  tm:m=[[1.0, 0.0, 0.0] [0.0, 1.0, 0.0] [0.0, 0.0, 1.0] [-657.338, -0.652149, 700.863]]
}

node{
  name:t="small_cargo_ship"
  tm:m=[[-0.906308, 0.0, -0.422618] [0.0, 1.0, 0.0] [0.422618, 0.0, -0.906308] [-2337.01, -0.652149, -531.724]]
}

node{
  name:t="small_cargo_ship"
  tm:m=[[1.0, 0.0, 0.0] [0.0, 1.0, 0.0] [0.0, 0.0, 1.0] [950.424, -0.652149, -362.441]]
}

node{
  name:t="small_cargo_ship"
  tm:m=[[1.0, 0.0, 0.0] [0.0, 1.0, 0.0] [0.0, 0.0, 1.0] [-167.279, -0.652149, -788.782]]
}

node{
  name:t="small_cargo_ship"
  tm:m=[[1.0, 0.0, 0.0] [0.0, 1.0, 0.0] [0.0, 0.0, 1.0] [-142.041, -0.652149, 821.617]]
}

node{
  name:t="small_cargo_ship"
  tm:m=[[0.258819, 0.0, -0.965926] [0.0, 1.0, 0.0] [0.965926, 0.0, 0.258819] [-1655.58, -0.652149, -387.006]]
}

node{
  name:t="small_cargo_ship"
  tm:m=[[1.0, 0.0, 0.0] [0.0, 1.0, 0.0] [0.0, 0.0, 1.0] [1369.19, -0.652149, -716.734]]
}

node{
  name:t="seiner_boat"
  tm:m=[[1.0, 0.0, 0.0] [0.0, 1.0, 0.0] [0.0, 0.0, 1.0] [690.961, -0.652149, -532.234]]
}

node{
  name:t="seiner_boat"
  tm:m=[[-0.996195, 0.0, -0.0871559] [0.0, 1.0, 0.0] [0.0871559, 0.0, -0.996195] [830.127, -0.652149, -898.154]]
}

node{
  name:t="seiner_boat"
  tm:m=[[0.173648, 0.0, 0.984808] [0.0, 1.0, 0.0] [-0.984808, 0.0, 0.173648] [1222.92, -0.652149, -1043.37]]
}

node{
  name:t="seiner_boat"
  tm:m=[[-0.573577, 0.0, 0.819152] [0.0, 1.0, 0.0] [-0.819152, 0.0, -0.573577] [-95.3777, -0.652149, -344.061]]
}

node{
  name:t="seiner_boat"
  tm:m=[[-0.996195, 0.0, -0.0871559] [0.0, 1.0, 0.0] [0.0871559, 0.0, -0.996195] [-999.851, -0.652149, -1065.76]]
}

node{
  name:t="seiner_boat"
  tm:m=[[1.0, 0.0, 0.0] [0.0, 1.0, 0.0] [0.0, 0.0, 1.0] [1980.41, -0.652149, -62.5497]]
}

node{
  name:t="seiner_boat"
  tm:m=[[-0.819152, 0.0, -0.573576] [0.0, 1.0, 0.0] [0.573576, 0.0, -0.819152] [-1139.27, -0.652149, -298.864]]
}

node{
  name:t="seiner_boat"
  tm:m=[[-0.906308, 0.0, -0.422618] [0.0, 1.0, 0.0] [0.422618, 0.0, -0.906308] [-463.103, -0.652149, -969.154]]
}

node{
  name:t="seiner_boat"
  tm:m=[[1.0, 0.0, 0.0] [0.0, 1.0, 0.0] [0.0, 0.0, 1.0] [-690.203, -0.652149, -722.007]]
}

node{
  name:t="seiner_boat"
  tm:m=[[1.0, 0.0, 0.0] [0.0, 1.0, 0.0] [0.0, 0.0, 1.0] [-1348.2, -0.652149, -84.0348]]
}

node{
  name:t="seiner_boat"
  tm:m=[[1.0, 0.0, 0.0] [0.0, 1.0, 0.0] [0.0, 0.0, 1.0] [-1189.29, -0.652149, 742.976]]
}

node{
  name:t="seiner_boat"
  tm:m=[[0.34202, 0.0, 0.939693] [0.0, 1.0, 0.0] [-0.939693, 0.0, 0.34202] [330.099, -0.652149, 619.924]]
}

node{
  name:t="seiner_boat"
  tm:m=[[1.0, 0.0, 0.0] [0.0, 1.0, 0.0] [0.0, 0.0, 1.0] [1138.57, -0.652149, 813.413]]
}

node{
  name:t="seiner_boat"
  tm:m=[[-4.37114e-08, 0.0, 1.0] [0.0, 1.0, 0.0] [-1.0, 0.0, -4.37114e-08] [530.386, -0.652149, 254.757]]
}

node{
  name:t="seiner_boat"
  tm:m=[[-0.258819, 0.0, -0.965926] [0.0, 1.0, 0.0] [0.965926, 0.0, -0.258819] [-311.203, -0.652149, 985.38]]
}

node{
  name:t="seiner_boat"
  tm:m=[[-0.422618, 0.0, -0.906308] [0.0, 1.0, 0.0] [0.906308, 0.0, -0.422618] [-984.002, -0.652149, 836.597]]
}

node{
  name:t="seiner_boat"
  tm:m=[[0.707107, 0.0, 0.707107] [0.0, 1.0, 0.0] [-0.707107, 0.0, 0.707107] [-1308.33, -0.652149, 1047.36]]
}

node{
  name:t="seiner_boat"
  tm:m=[[-0.866025, 0.0, -0.5] [0.0, 1.0, 0.0] [0.5, 0.0, -0.866025] [-1777.54, -0.652149, 857.478]]
}

node{
  name:t="seiner_boat"
  tm:m=[[1.0, 0.0, 0.0] [0.0, 1.0, 0.0] [0.0, 0.0, 1.0] [-252.907, -0.652149, 595.458]]
}

node{
  name:t="seiner_boat"
  tm:m=[[0.766044, 0.0, 0.642788] [0.0, 1.0, 0.0] [-0.642788, 0.0, 0.766044] [-216.008, -0.652149, 390.666]]
}

node{
  name:t="seiner_boat"
  tm:m=[[1.0, 0.0, 0.0] [0.0, 1.0, 0.0] [0.0, 0.0, 1.0] [601.492, -0.652149, 501.548]]
}

node{
  name:t="seiner_boat"
  tm:m=[[0.573576, 0.0, -0.819152] [0.0, 1.0, 0.0] [0.819152, 0.0, 0.573576] [736.451, -0.652149, 660.26]]
}

node{
  name:t="seiner_boat"
  tm:m=[[-0.906308, 0.0, -0.422618] [0.0, 1.0, 0.0] [0.422618, 0.0, -0.906308] [1346.23, -0.652149, 504.636]]
}

node{
  name:t="seiner_boat"
  tm:m=[[0.573576, 0.0, 0.819152] [0.0, 1.0, 0.0] [-0.819152, 0.0, 0.573576] [368.306, -0.652149, -301.722]]
}

node{
  name:t="seiner_boat"
  tm:m=[[1.0, 0.0, 0.0] [0.0, 1.0, 0.0] [0.0, 0.0, 1.0] [218.675, -0.652149, 20.4951]]
}

node{
  name:t="seiner_boat"
  tm:m=[[0.5, 0.0, -0.866025] [0.0, 1.0, 0.0] [0.866025, 0.0, 0.5] [-426.763, -0.652149, 57.1059]]
}

node{
  name:t="seiner_boat"
  tm:m=[[-0.819152, 0.0, 0.573576] [0.0, 1.0, 0.0] [-0.573576, 0.0, -0.819152] [-1442.03, -0.652149, 135.145]]
}

node{
  name:t="seiner_boat"
  tm:m=[[-0.866025, 0.0, -0.5] [0.0, 1.0, 0.0] [0.5, 0.0, -0.866025] [-880.807, -0.652149, 221.783]]
}

node{
  name:t="seiner_boat"
  tm:m=[[1.0, 0.0, 0.0] [0.0, 1.0, 0.0] [0.0, 0.0, 1.0] [-1080.11, -0.652149, -455.715]]
}

node{
  name:t="seiner_boat"
  tm:m=[[-0.819152, 0.0, -0.573576] [0.0, 1.0, 0.0] [0.573576, 0.0, -0.819152] [-1234.19, -0.652149, -581.579]]
}

node{
  name:t="seiner_boat"
  tm:m=[[0.996195, 0.0, 0.0871557] [0.0, 1.0, 0.0] [-0.0871557, 0.0, 0.996195] [-1391.93, -0.652149, -354.378]]
}

node{
  name:t="seiner_boat"
  tm:m=[[1.0, 0.0, 0.0] [0.0, 1.0, 0.0] [0.0, 0.0, 1.0] [389.054, -0.652149, -973.009]]
}

node{
  name:t="seiner_boat"
  tm:m=[[1.0, 0.0, 0.0] [0.0, 1.0, 0.0] [0.0, 0.0, 1.0] [1637.26, -0.652149, -577.892]]
}

node{
  name:t="seiner_boat"
  tm:m=[[1.0, 0.0, 0.0] [0.0, 1.0, 0.0] [0.0, 0.0, 1.0] [-217.502, -0.652149, -469.565]]
}

node{
  name:t="seiner_boat"
  tm:m=[[1.0, 0.0, 0.0] [0.0, 1.0, 0.0] [0.0, 0.0, 1.0] [-539.875, -0.652149, -1079.08]]
}

node{
  name:t="seiner_boat"
  tm:m=[[0.5, 0.0, -0.866025] [0.0, 1.0, 0.0] [0.866025, 0.0, 0.5] [-2059.03, -0.652149, 558.365]]
}

node{
  name:t="barrage_balloon_a"
  tm:m=[[0.5, 0.0, -0.866025] [0.0, 1.0, 0.0] [0.866025, 0.0, 0.5] [-2051.81, 1584.96, 561.661]]
}

node{
  name:t="seiner_boat"
  tm:m=[[0.5, 0.0, -0.866025] [0.0, 1.0, 0.0] [0.866025, 0.0, 0.5] [1216.98, -0.652149, -199.533]]
}

node{
  name:t="barrage_balloon_a"
  tm:m=[[0.5, 0.0, -0.866025] [0.0, 1.0, 0.0] [0.866025, 0.0, 0.5] [1224.19, 1584.96, -196.237]]
}

node{
  name:t="seiner_boat"
  tm:m=[[0.5, 0.0, -0.866025] [0.0, 1.0, 0.0] [0.866025, 0.0, 0.5] [2260.97, -0.652149, -124.547]]
}

node{
  name:t="barrage_balloon_a"
  tm:m=[[0.5, 0.0, -0.866025] [0.0, 1.0, 0.0] [0.866025, 0.0, 0.5] [2268.19, 1584.96, -121.251]]
}