className:t="composit"
size:p2=1024.0, 256.0

airfield{
  start:p3=1121.0, 0.0, 0.0
  end:p3=-1108.0, 0.0, 0.0
  width:r=80.0
  spawn:p3=914.0, 0.0, -6.0
  spawn:p3=927.0, 0.0, 6.0
  spawn:p3=938.0, 0.0, -6.0
  spawn:p3=950.0, 0.0, 6.0
  spawn:p3=961.0, 0.0, -6.0
  spawn:p3=973.0, 0.0, 6.0
  spawn:p3=985.0, 0.0, -6.0
  spawn:p3=997.0, 0.0, 6.0
  spawn:p3=1009.0, 0.0, -6.0
  spawn:p3=1022.0, 0.0, 6.0
  spawn:p3=1033.0, 0.0, -6.0
  spawn:p3=1045.0, 0.0, 6.0
  spawn:p3=1056.0, 0.0, -6.0
  spawn:p3=1069.0, 0.0, 6.0
  spawn:p3=1081.0, 0.0, -6.0
  spawn:p3=1094.0, 0.0, 6.0
}

node{
  name:t="^^dynaf_sicily_1line_2k_mesh"
  tm:m=[[1.0, 0.0, 0.0] [0.0, 1.0, 0.0] [0.0, 0.0, 1.0] [0.0, 3.0, -2.23211e-06]]
}

node{
  name:t="+NoTreesBox001"
  tm:m=[[1700.0, 0.0, 0.0] [0.0, 15.0, 0.0] [0.0, 0.0, 283.0] [0.0, 0.0, -40.0]]
}

node{
  name:t="+NoTreesBox002"
  tm:m=[[800.0, 0.0, 0.0] [0.0, 15.0, 0.0] [0.0, 0.0, 170.0] [307.0, 0.0, 305.0]]
}

node{
  name:t="britain_big_hangar_rendinst"
  tm:m=[[-0.0027595, 0.0, 0.999996] [0.0, 1.0, 0.0] [-0.999996, 0.0, -0.0027595] [74.5717, 0.0, 328.401]]
}

node{
  name:t="britain_big_hangar_rendinst"
  tm:m=[[-0.0027595, 0.0, 0.999996] [0.0, 1.0, 0.0] [-0.999996, 0.0, -0.0027595] [119.903, 0.0, 328.401]]
}

node{
  name:t="britain_big_hangar_rendinst"
  tm:m=[[-0.0027595, 0.0, 0.999996] [0.0, 1.0, 0.0] [-0.999996, 0.0, -0.0027595] [290.055, 0.0, 328.401]]
}

node{
  name:t="britain_big_hangar_rendinst"
  tm:m=[[-0.0027595, 0.0, 0.999996] [0.0, 1.0, 0.0] [-0.999996, 0.0, -0.0027595] [244.724, 0.0, 328.401]]
}

node{
  name:t="britain_big_hangar_rendinst"
  tm:m=[[-0.0027595, 0.0, 0.999996] [0.0, 1.0, 0.0] [-0.999996, 0.0, -0.0027595] [290.055, 0.0, 403.825]]
}

node{
  name:t="britain_big_hangar_rendinst"
  tm:m=[[-0.0027595, 0.0, 0.999996] [0.0, 1.0, 0.0] [-0.999996, 0.0, -0.0027595] [244.724, 0.0, 403.825]]
}

node{
  name:t="britain_big_hangar_rendinst"
  tm:m=[[-0.999996, 0.0, -0.00275954] [0.0, 1.0, 0.0] [0.00275954, 0.0, -0.999996] [111.873, 0.0, 391.386]]
}

node{
  name:t="sicily_caponeer_rendinst"
  tm:m=[[0.641354, 0.0, 1.10839] [0.0, 1.28058, 0.0] [-1.10839, 0.0, 0.641354] [448.965, 0.0, 403.517]]
}

node{
  name:t="sicily_caponeer_rendinst"
  tm:m=[[1.04828, 0.0, -0.735516] [0.0, 1.28058, 0.0] [0.735516, 0.0, 1.04828] [437.701, 0.0, 385.383]]
}

node{
  name:t="sicily_caponeer_rendinst"
  tm:m=[[0.735517, 0.0, 1.04828] [0.0, 1.28058, 0.0] [-1.04828, 0.0, 0.735517] [388.351, 0.0, 290.817]]
}

node{
  name:t="sicily_caponeer_rendinst"
  tm:m=[[1.28057, 0.0, -0.00123269] [0.0, 1.28058, 0.0] [0.00123269, 0.0, 1.28057] [-330.034, 0.0, 391.887]]
}

node{
  name:t="sicily_caponeer_rendinst"
  tm:m=[[1.28057, 0.0, -0.00123269] [0.0, 1.28058, 0.0] [0.00123269, 0.0, 1.28057] [-254.7, 0.0, 391.887]]
}

node{
  name:t="sicily_caponeer_rendinst"
  tm:m=[[1.28057, 0.0, -0.00123269] [0.0, 1.28058, 0.0] [0.00123269, 0.0, 1.28057] [-171.193, 0.0, 391.887]]
}

node{
  name:t="berlin_small_barracks_rendinst"
  tm:m=[[1.0, 0.0, 1.74846e-07] [0.0, 1.0, 0.0] [-1.74846e-07, 0.0, 1.0] [45.5867, 0.0, 325.025]]
}

node{
  name:t="berlin_small_barracks_rendinst"
  tm:m=[[-1.0, 0.0, -3.25841e-07] [0.0, 1.0, 0.0] [3.25841e-07, 0.0, -1.0] [316.227, 0.0, 339.794]]
}

node{
  name:t="sicily_hangar_3_rendinst"
  tm:m=[[0.999993, 0.0, 0.00379973] [0.0, 1.0, 0.0] [-0.00379973, 0.0, 0.999993] [29.3924, 0.0, 409.073]]
}

node{
  name:t="sicily_hangar_3_rendinst"
  tm:m=[[-0.999993, 0.0, -0.00379941] [0.0, 1.0, 0.0] [0.00379941, 0.0, -0.999993] [66.5499, 0.0, 401.048]]
}

node{
  name:t="sicily_hangar_3_rendinst"
  tm:m=[[-0.999993, 0.0, -0.00379941] [0.0, 1.0, 0.0] [0.00379941, 0.0, -0.999993] [66.5499, 0.0, 381.522]]
}

node{
  name:t="sicily_hangar_3_rendinst"
  tm:m=[[0.496706, 0.0, 0.867919] [0.0, 1.0, 0.0] [-0.867919, 0.0, 0.496706] [413.685, 0.0, 362.463]]
}

node{
  name:t="sicily_caponeer_rendinst"
  tm:m=[[1.28057, 0.0, -0.00123269] [0.0, 1.28058, 0.0] [0.00123269, 0.0, 1.28057] [488.157, 0.0, 426.696]]
}

node{
  name:t="sicily_caponeer_rendinst"
  tm:m=[[1.28057, 0.0, -0.00123269] [0.0, 1.28058, 0.0] [0.00123269, 0.0, 1.28057] [525.005, 0.0, 426.906]]
}

node{
  name:t="sicily_tech_building_2_rendinst"
  tm:m=[[0.82676, 0.0, -0.562555] [0.0, 1.0, 0.0] [0.562555, 0.0, 0.82676] [388.348, 0.0, 315.205]]
}

node{
  name:t="sicily_tech_building_2_rendinst"
  tm:m=[[0.82676, 0.0, -0.562555] [0.0, 1.0, 0.0] [0.562555, 0.0, 0.82676] [395.645, 0.0, 326.679]]
}

node{
  name:t="sicily_tech_building_2_rendinst"
  tm:m=[[0.82676, 0.0, -0.562555] [0.0, 1.0, 0.0] [0.562555, 0.0, 0.82676] [402.936, 0.0, 339.808]]
}

node{
  name:t="sicily_tech_building_2_rendinst"
  tm:m=[[0.99991, 0.0, 0.0133914] [0.0, 1.0, 0.0] [-0.0133914, 0.0, 0.99991] [152.534, 0.0, 421.028]]
}

node{
  name:t="sicily_tech_building_2_rendinst"
  tm:m=[[0.99991, 0.0, 0.0133914] [0.0, 1.0, 0.0] [-0.0133914, 0.0, 0.99991] [209.772, 0.0, 421.028]]
}

node{
  name:t="sicily_tech_building_2_rendinst"
  tm:m=[[0.99991, 0.0, 0.0133914] [0.0, 1.0, 0.0] [-0.0133914, 0.0, 0.99991] [37.8069, 0.0, 390.875]]
}

node{
  name:t="sicily_control_tower_1_rendinst"
  tm:m=[[-0.819153, 0.0, 0.573576] [0.0, 1.0, 0.0] [-0.573576, 0.0, -0.819153] [-439.264, 0.0, 299.267]]
}

node{
  name:t="sicily_control_tower_1_rendinst"
  tm:m=[[-1.0, 0.0, -8.02679e-07] [0.0, 1.0, 0.0] [8.02679e-07, 0.0, -1.0] [321.181, 0.0, 254.961]]
}

node{
  name:t="sicily_control_tower_1_rendinst"
  tm:m=[[-0.996195, 0.0, -0.0871565] [0.0, 1.0, 0.0] [0.0871565, 0.0, -0.996195] [853.014, 0.0, 388.198]]
}

node{
  name:t="sicily_tech_building_1_rendinst"
  tm:m=[[-0.97218, 0.0, -0.234235] [0.0, 1.0, 0.0] [0.234235, 0.0, -0.97218] [928.605, 0.0, 339.65]]
}

node{
  name:t="sicily_tech_building_1_rendinst"
  tm:m=[[-0.97218, 0.0, -0.234235] [0.0, 1.0, 0.0] [0.234235, 0.0, -0.97218] [909.353, 0.0, 355.488]]
}

node{
  name:t="berlin_small_barracks_rendinst"
  tm:m=[[-0.258819, 0.0, 0.965926] [0.0, 1.0, 0.0] [-0.965926, 0.0, -0.258819] [827.324, 0.0, 381.011]]
}

node{
  name:t="berlin_command_center_rendinst"
  tm:m=[[-4.37114e-08, 0.0, 1.0] [0.0, 1.0, 0.0] [-1.0, 0.0, -4.37114e-08] [181.795, 0.0, 429.193]]
}

node{
  name:t="berlin_command_center_rendinst"
  tm:m=[[0.173648, 0.0, -0.984808] [0.0, 1.0, 0.0] [0.984808, 0.0, 0.173648] [898.674, 0.0, 376.431]]
}

node{
  name:t="sicily_tech_building_1_rendinst"
  tm:m=[[-0.234235, 0.0, 0.97218] [0.0, 1.0, 0.0] [-0.97218, 0.0, -0.234235] [926.964, 0.0, 328.05]]
}

node{
  name:t="sicily_control_tower_1_rendinst"
  tm:m=[[-1.0, 0.0, -8.02679e-07] [0.0, 1.0, 0.0] [8.02679e-07, 0.0, -1.0] [40.9559, 0.0, 273.586]]
}