className:t="composit"
size:p2=1024.0, 256.0

airfield{
  start:p3=1059.0, 0.0, 0.0
  end:p3=-1024.0, 0.0, 0.0
  width:r=210.0
  spawn:p3=865.0, 0.0, -6.0
  spawn:p3=878.0, 0.0, 6.0
  spawn:p3=889.0, 0.0, -6.0
  spawn:p3=902.0, 0.0, 6.0
  spawn:p3=913.0, 0.0, -6.0
  spawn:p3=926.0, 0.0, 6.0
  spawn:p3=938.0, 0.0, -6.0
  spawn:p3=951.0, 0.0, 6.0
  spawn:p3=962.0, 0.0, -6.0
  spawn:p3=975.0, 0.0, 6.0
  spawn:p3=987.0, 0.0, -6.0
  spawn:p3=1000.0, 0.0, 6.0
  spawn:p3=1011.0, 0.0, -6.0
  spawn:p3=1023.0, 0.0, 6.0
  spawn:p3=1035.0, 0.0, -6.0
  spawn:p3=1048.0, 0.0, 6.0
}

node{
  name:t="^^dynaf_khalkhin_gol_1line_2k_mesh"
  tm:m=[[1.0, 0.0, 0.0] [0.0, 1.0, 0.0] [0.0, 0.0, 1.0] [0.0, 3.0, -2.12579e-06]]
}

node{
  name:t="+NoTreesBox001"
  tm:m=[[2000.0, 0.0, 0.0] [0.0, 15.0, 0.0] [0.0, 0.0, 600.0] [0.0, 0.0, -240.0]]
}

node{
  name:t="tr_village_17"
  tm:m=[[0.866025, 0.0, 0.5] [0.0, 1.0, 0.0] [-0.5, 0.0, 0.866025] [305.965, 0.0, -670.658]]
}

node{
  name:t="tr_village_16"
  tm:m=[[-0.965926, 0.0, -0.258819] [0.0, 1.0, 0.0] [0.258819, 0.0, -0.965926] [337.044, 0.0, -731.647]]
}

node{
  name:t="tr_village_18"
  tm:m=[[-4.37114e-08, 0.0, 1.0] [0.0, 1.0, 0.0] [-1.0, 0.0, -4.37114e-08] [317.907, 0.0, -732.485]]
}

node{
  name:t="tr_village_16"
  tm:m=[[0.258819, 0.0, 0.965926] [0.0, 1.0, 0.0] [-0.965926, 0.0, 0.258819] [323.258, 0.0, -737.144]]
}

node{
  name:t="tr_village_18"
  tm:m=[[-0.965926, 0.0, 0.258819] [0.0, 1.0, 0.0] [-0.258819, 0.0, -0.965926] [380.585, 0.0, -735.988]]
}

node{
  name:t="tr_village_18"
  tm:m=[[-0.965926, 0.0, 0.258819] [0.0, 1.0, 0.0] [-0.258819, 0.0, -0.965926] [187.52, 0.0, -747.517]]
}

node{
  name:t="tr_village_18"
  tm:m=[[-0.573577, 0.0, -0.819152] [0.0, 1.0, 0.0] [0.819152, 0.0, -0.573577] [191.408, 0.0, -758.248]]
}

node{
  name:t="tr_village_18"
  tm:m=[[-0.573577, 0.0, -0.819152] [0.0, 1.0, 0.0] [0.819152, 0.0, -0.573577] [299.767, 0.0, -648.287]]
}

node{
  name:t="tr_village_18"
  tm:m=[[-0.573577, 0.0, -0.819152] [0.0, 1.0, 0.0] [0.819152, 0.0, -0.573577] [-164.259, 0.0, -579.723]]
}

node{
  name:t="tr_village_18"
  tm:m=[[-0.573577, 0.0, -0.819152] [0.0, 1.0, 0.0] [0.819152, 0.0, -0.573577] [-465.515, 0.0, -625.727]]
}

node{
  name:t="tr_village_18"
  tm:m=[[-0.173649, 0.0, -0.984808] [0.0, 1.0, 0.0] [0.984808, 0.0, -0.173649] [-550.871, 0.0, -648.67]]
}

node{
  name:t="usa_tent_5"
  tm:m=[[0.5, 0.0, 0.866026] [0.0, 1.0, 0.0] [-0.866026, 0.0, 0.5] [299.102, 0.0, -711.375]]
}

node{
  name:t="usa_tent_3"
  tm:m=[[0.996195, 0.0, -0.0871556] [0.0, 1.0, 0.0] [0.0871556, 0.0, 0.996195] [337.692, 0.0, -598.41]]
}

node{
  name:t="usa_tent_3"
  tm:m=[[0.642788, 0.0, 0.766044] [0.0, 1.0, 0.0] [-0.766044, 0.0, 0.642788] [213.54, 0.0, -746.876]]
}

node{
  name:t="usa_tent_3"
  tm:m=[[0.173648, 0.0, 0.984808] [0.0, 1.0, 0.0] [-0.984808, 0.0, 0.173648] [-378.053, 0.0, -715.13]]
}

node{
  name:t="britain_control_tower_1_rendinst"
  tm:m=[[-0.5, 0.0, 0.866025] [0.0, 1.0, 0.0] [-0.866025, 0.0, -0.5] [103.039, 0.0, -507.851]]
}

node{
  name:t="britain_control_tower_1_rendinst"
  tm:m=[[-0.984808, 0.0, 0.173648] [0.0, 1.0, 0.0] [-0.173648, 0.0, -0.984808] [192.119, 0.0, -545.35]]
}

node{
  name:t="britain_control_tower_1_rendinst"
  tm:m=[[-0.766045, 0.0, -0.642787] [0.0, 1.0, 0.0] [0.642787, 0.0, -0.766045] [-352.739, 0.0, -554.202]]
}

node{
  name:t="britain_weapon_empl_rendinst"
  tm:m=[[1.94707e-07, 0.0, -1.0] [0.0, 1.0, 0.0] [1.0, 0.0, 1.94707e-07] [-366.969, 0.0, -560.72]]
}

node{
  name:t="britain_weapon_empl_rendinst"
  tm:m=[[0.5, 0.0, 0.866026] [0.0, 1.0, 0.0] [-0.866026, 0.0, 0.5] [-550.114, 0.0, -676.532]]
}

node{
  name:t="britain_weapon_empl_rendinst"
  tm:m=[[-1.62921e-07, 0.0, 1.0] [0.0, 1.0, 0.0] [-1.0, 0.0, -1.62921e-07] [100.679, 0.0, -704.599]]
}

node{
  name:t="britain_weapon_empl_rendinst"
  tm:m=[[3.13916e-07, 0.0, -1.0] [0.0, 1.0, 0.0] [1.0, 0.0, 3.13916e-07] [87.5948, 0.0, -527.013]]
}

node{
  name:t="britain_army_tent_rendinst"
  tm:m=[[-4.37114e-08, 0.0, 1.0] [0.0, 1.0, 0.0] [-1.0, 0.0, -4.37114e-08] [317.172, 0.0, -641.943]]
}

node{
  name:t="britain_big_army_tent_rendinst"
  tm:m=[[-0.866025, 0.0, 0.5] [0.0, 1.0, 0.0] [-0.5, 0.0, -0.866025] [227.323, 0.0, -675.069]]
}

node{
  name:t="britain_big_army_tent_rendinst"
  tm:m=[[-0.939693, 0.0, 0.34202] [0.0, 1.0, 0.0] [-0.34202, 0.0, -0.939693] [304.73, 0.0, -642.87]]
}

node{
  name:t="britain_army_tent_rendinst"
  tm:m=[[-4.37114e-08, 0.0, 1.0] [0.0, 1.0, 0.0] [-1.0, 0.0, -4.37114e-08] [314.759, 0.0, -593.078]]
}

node{
  name:t="britain_army_tent_rendinst"
  tm:m=[[-4.37114e-08, 0.0, 1.0] [0.0, 1.0, 0.0] [-1.0, 0.0, -4.37114e-08] [305.602, 0.0, -601.038]]
}

node{
  name:t="britain_big_army_tent_rendinst"
  tm:m=[[-0.642788, 0.0, -0.766045] [0.0, 1.0, 0.0] [0.766045, 0.0, -0.642788] [440.431, 0.0, -738.488]]
}

node{
  name:t="britain_big_army_tent_rendinst"
  tm:m=[[-0.642788, 0.0, -0.766045] [0.0, 1.0, 0.0] [0.766045, 0.0, -0.642788] [396.51, 0.0, -742.821]]
}

node{
  name:t="britain_big_army_tent_rendinst"
  tm:m=[[-0.866026, 0.0, 0.5] [0.0, 1.0, 0.0] [-0.5, 0.0, -0.866026] [-415.275, 0.0, -717.735]]
}

node{
  name:t="britain_army_tent_rendinst"
  tm:m=[[-4.37114e-08, 0.0, 1.0] [0.0, 1.0, 0.0] [-1.0, 0.0, -4.37114e-08] [-537.096, 0.0, -648.428]]
}

node{
  name:t="britain_army_tent_rendinst"
  tm:m=[[-4.37114e-08, 0.0, 1.0] [0.0, 1.0, 0.0] [-1.0, 0.0, -4.37114e-08] [-512.633, 0.0, -654.016]]
}

node{
  name:t="britain_army_tent_rendinst"
  tm:m=[[-4.37114e-08, 0.0, 1.0] [0.0, 1.0, 0.0] [-1.0, 0.0, -4.37114e-08] [-506.382, 0.0, -646.316]]
}

node{
  name:t="britain_army_tent_rendinst"
  tm:m=[[-4.37114e-08, 0.0, 1.0] [0.0, 1.0, 0.0] [-1.0, 0.0, -4.37114e-08] [-512.039, 0.0, -642.817]]
}

node{
  name:t="britain_army_tent_rendinst"
  tm:m=[[-4.37114e-08, 0.0, 1.0] [0.0, 1.0, 0.0] [-1.0, 0.0, -4.37114e-08] [-496.373, 0.0, -641.01]]
}

node{
  name:t="britain_army_tent_rendinst"
  tm:m=[[-4.37114e-08, 0.0, 1.0] [0.0, 1.0, 0.0] [-1.0, 0.0, -4.37114e-08] [-337.579, 0.0, -708.799]]
}

node{
  name:t="britain_army_tent_rendinst"
  tm:m=[[-4.37114e-08, 0.0, 1.0] [0.0, 1.0, 0.0] [-1.0, 0.0, -4.37114e-08] [-393.91, 0.0, -737.421]]
}

node{
  name:t="britain_army_tent_rendinst"
  tm:m=[[-4.37114e-08, 0.0, 1.0] [0.0, 1.0, 0.0] [-1.0, 0.0, -4.37114e-08] [143.261, 0.0, -729.168]]
}

node{
  name:t="us_mbase_aircraft_tent"
  tm:m=[[0.282655, 0.0, -1.05488] [0.0, 0.627868, 0.0] [1.05766, 0.0, 0.2834] [218.448, -8.58307e-06, -722.385]]
}

node{
  name:t="britain_observ_post_1_rendinst"
  tm:m=[[-0.173648, 0.0, -0.984808] [0.0, 1.0, 0.0] [0.984808, 0.0, -0.173648] [103.118, 0.0, -536.725]]
}

node{
  name:t="britain_observ_post_1_rendinst"
  tm:m=[[0.766045, 0.0, -0.642787] [0.0, 1.0, 0.0] [0.642787, 0.0, 0.766045] [106.616, 0.0, -515.898]]
}

node{
  name:t="britain_observ_post_1_rendinst"
  tm:m=[[-0.642787, 0.0, -0.766045] [0.0, 1.0, 0.0] [0.766045, 0.0, -0.642787] [-392.663, 0.0, -528.545]]
}

node{
  name:t="britain_observ_post_1_rendinst"
  tm:m=[[0.422618, 0.0, 0.906308] [0.0, 1.0, 0.0] [-0.906308, 0.0, 0.422618] [-542.357, 0.0, -655.668]]
}

node{
  name:t="britain_observ_post_2_rendinst"
  tm:m=[[-4.70635e-08, 0.0, 1.07669] [0.0, 1.07669, 0.0] [-1.07669, 0.0, -4.70635e-08] [296.32, 0.0, -613.813]]
}

node{
  name:t="britain_observ_post_2_rendinst"
  tm:m=[[1.04, 0.0, 0.278667] [0.0, 1.07669, 0.0] [-0.278667, 0.0, 1.04] [203.253, 0.0, -519.457]]
}

node{
  name:t="britain_observ_post_2_rendinst"
  tm:m=[[0.278667, 0.0, -1.04] [0.0, 1.07669, 0.0] [1.04, 0.0, 0.278667] [220.072, 0.0, -527.206]]
}

node{
  name:t="britain_observ_post_2_rendinst"
  tm:m=[[0.455028, 0.0, 0.97581] [0.0, 1.07669, 0.0] [-0.97581, 0.0, 0.455028] [-492.582, 0.0, -611.665]]
}

node{
  name:t="britain_observ_post_2_rendinst"
  tm:m=[[-0.0938394, 0.0, -1.07259] [0.0, 1.07669, 0.0] [1.07259, 0.0, -0.0938394] [-378.445, 0.0, -734.074]]
}

node{
  name:t="britain_tent_1_rendinst"
  tm:m=[[-0.707107, 0.0, 0.707107] [0.0, 1.0, 0.0] [-0.707107, 0.0, -0.707107] [153.205, 0.0, -740.335]]
}

node{
  name:t="britain_tent_1_rendinst"
  tm:m=[[-0.707107, 0.0, 0.707107] [0.0, 1.0, 0.0] [-0.707107, 0.0, -0.707107] [159.035, 0.0, -744.355]]
}

node{
  name:t="britain_tent_1_rendinst"
  tm:m=[[-4.37114e-08, 0.0, 1.0] [0.0, 1.0, 0.0] [-1.0, 0.0, -4.37114e-08] [166.659, 0.0, -758.02]]
}

node{
  name:t="britain_tent_1_rendinst"
  tm:m=[[0.965926, 0.0, 0.258819] [0.0, 1.0, 0.0] [-0.258819, 0.0, 0.965926] [163.913, 0.0, -750.102]]
}

node{
  name:t="britain_tent_1_rendinst"
  tm:m=[[-0.0871556, 0.0, -0.996195] [0.0, 1.0, 0.0] [0.996195, 0.0, -0.0871556] [-379.154, 0.0, -722.802]]
}

node{
  name:t="britain_tent_1_rendinst"
  tm:m=[[-0.0871556, 0.0, -0.996195] [0.0, 1.0, 0.0] [0.996195, 0.0, -0.0871556] [-329.03, 0.0, -716.061]]
}

node{
  name:t="britain_tent_1_rendinst"
  tm:m=[[0.573577, 0.0, -0.819152] [0.0, 1.0, 0.0] [0.819152, 0.0, 0.573577] [-442.247, 0.0, -711.361]]
}

node{
  name:t="britain_tent_1_rendinst"
  tm:m=[[-0.173648, 0.0, -0.984808] [0.0, 1.0, 0.0] [0.984808, 0.0, -0.173648] [-451.259, 0.0, -707.814]]
}

node{
  name:t="britain_tent_1_rendinst"
  tm:m=[[-0.573576, 0.0, -0.819152] [0.0, 1.0, 0.0] [0.819152, 0.0, -0.573576] [-440.049, 0.0, -584.779]]
}

node{
  name:t="britain_tent_1_rendinst"
  tm:m=[[-0.573576, 0.0, -0.819152] [0.0, 1.0, 0.0] [0.819152, 0.0, -0.573576] [-434.287, 0.0, -577.642]]
}

node{
  name:t="britain_tent_1_rendinst"
  tm:m=[[-0.984808, 0.0, 0.173648] [0.0, 1.0, 0.0] [-0.173648, 0.0, -0.984808] [-357.048, 0.0, -566.569]]
}

node{
  name:t="britain_tent_1_rendinst"
  tm:m=[[-0.173648, 0.0, -0.984808] [0.0, 1.0, 0.0] [0.984808, 0.0, -0.173648] [-177.477, 0.0, -574.708]]
}

node{
  name:t="britain_tent_1_rendinst"
  tm:m=[[0.34202, 0.0, -0.939693] [0.0, 1.0, 0.0] [0.939693, 0.0, 0.34202] [230.959, 0.0, -755.991]]
}

node{
  name:t="britain_tent_1_rendinst"
  tm:m=[[0.34202, 0.0, -0.939693] [0.0, 1.0, 0.0] [0.939693, 0.0, 0.34202] [389.12, 0.0, -733.262]]
}

node{
  name:t="usa_tent_1"
  tm:m=[[0.642788, 0.0, 0.766044] [0.0, 1.0, 0.0] [-0.766044, 0.0, 0.642788] [423.909, 0.0, -725.538]]
}

node{
  name:t="usa_tent_1"
  tm:m=[[0.819152, 0.0, 0.573577] [0.0, 1.0, 0.0] [-0.573577, 0.0, 0.819152] [130.42, 0.0, -737.462]]
}

node{
  name:t="britain_windvane_rendinst"
  tm:m=[[-4.37114e-08, 0.0, 1.0] [0.0, 1.0, 0.0] [-1.0, 0.0, -4.37114e-08] [145.719, 0.0, -719.258]]
}

node{
  name:t="britain_windvane_rendinst"
  tm:m=[[-4.37114e-08, 0.0, 1.0] [0.0, 1.0, 0.0] [-1.0, 0.0, -4.37114e-08] [82.5388, 0.0, -513.023]]
}

node{
  name:t="britain_windvane_rendinst"
  tm:m=[[-4.37114e-08, 0.0, 1.0] [0.0, 1.0, 0.0] [-1.0, 0.0, -4.37114e-08] [-535.001, 0.0, -644.189]]
}

node{
  name:t="usa_tent_3"
  tm:m=[[0.422618, 0.0, 0.906308] [0.0, 1.0, 0.0] [-0.906308, 0.0, 0.422618] [293.45, 0.0, -737.237]]
}

node{
  name:t="usa_tent_5"
  tm:m=[[-1.62921e-07, 0.0, 1.0] [0.0, 1.0, 0.0] [-1.0, 0.0, -1.62921e-07] [278.121, 0.0, -698.335]]
}

node{
  name:t="tr_village_17"
  tm:m=[[0.984808, 0.0, -0.173648] [0.0, 1.0, 0.0] [0.173648, 0.0, 0.984808] [267.339, 0.0, -699.811]]
}

node{
  name:t="usa_tent_5"
  tm:m=[[-0.0871559, 0.0, 0.996195] [0.0, 1.0, 0.0] [-0.996195, 0.0, -0.0871559] [188.813, 0.0, -641.484]]
}

node{
  name:t="britain_army_tent_rendinst"
  tm:m=[[-4.37114e-08, 0.0, 1.0] [0.0, 1.0, 0.0] [-1.0, 0.0, -4.37114e-08] [-163.356, 0.0, -566.771]]
}

node{
  name:t="britain_army_tent_rendinst"
  tm:m=[[-4.37114e-08, 0.0, 1.0] [0.0, 1.0, 0.0] [-1.0, 0.0, -4.37114e-08] [-170.581, 0.0, -568.165]]
}

node{
  name:t="usa_tent_2"
  tm:m=[[-0.173648, 0.0, 0.984808] [0.0, 1.0, 0.0] [-0.984808, 0.0, -0.173648] [-341.012, 0.0, -732.797]]
}

node{
  name:t="usa_tent_2"
  tm:m=[[-0.173648, 0.0, 0.984808] [0.0, 1.0, 0.0] [-0.984808, 0.0, -0.173648] [-342.314, 0.0, -720.476]]
}

node{
  name:t="usa_tent_2"
  tm:m=[[-0.173648, 0.0, 0.984808] [0.0, 1.0, 0.0] [-0.984808, 0.0, -0.173648] [-351.862, 0.0, -734.71]]
}

node{
  name:t="usa_tent_2"
  tm:m=[[-0.173648, 0.0, 0.984808] [0.0, 1.0, 0.0] [-0.984808, 0.0, -0.173648] [-353.164, 0.0, -722.389]]
}

node{
  name:t="tr_village_18"
  tm:m=[[-0.573577, 0.0, -0.819152] [0.0, 1.0, 0.0] [0.819152, 0.0, -0.573577] [-503.214, 0.0, -628.731]]
}

node{
  name:t="usa_tent_3"
  tm:m=[[-0.906308, 0.0, 0.422618] [0.0, 1.0, 0.0] [-0.422618, 0.0, -0.906308] [-453.293, 0.0, -589.107]]
}

node{
  name:t="usa_tent_3"
  tm:m=[[-0.0871557, 0.0, -0.996195] [0.0, 1.0, 0.0] [0.996195, 0.0, -0.0871557] [-377.109, 0.0, -570.601]]
}

node{
  name:t="britain_tent_1_rendinst"
  tm:m=[[-0.984808, 0.0, 0.173648] [0.0, 1.0, 0.0] [-0.173648, 0.0, -0.984808] [-390.545, 0.0, -581.451]]
}

node{
  name:t="britain_tent_1_rendinst"
  tm:m=[[-0.984808, 0.0, 0.173648] [0.0, 1.0, 0.0] [-0.173648, 0.0, -0.984808] [-398.267, 0.0, -580.829]]
}

node{
  name:t="tr_village_18"
  tm:m=[[-0.573577, 0.0, -0.819152] [0.0, 1.0, 0.0] [0.819152, 0.0, -0.573577] [-418.642, 0.0, -555.34]]
}

node{
  name:t="tr_village_18"
  tm:m=[[-0.573577, 0.0, -0.819152] [0.0, 1.0, 0.0] [0.819152, 0.0, -0.573577] [-427.342, 0.0, -554.005]]
}

node{
  name:t="tr_village_18"
  tm:m=[[-0.573577, 0.0, -0.819152] [0.0, 1.0, 0.0] [0.819152, 0.0, -0.573577] [-584.726, 0.0, -685.402]]
}

node{
  name:t="tr_village_17"
  tm:m=[[0.906308, 0.0, -0.422618] [0.0, 1.0, 0.0] [0.422618, 0.0, 0.906308] [273.691, 0.0, -581.623]]
}

node{
  name:t="tr_village_18"
  tm:m=[[-0.965926, 0.0, 0.258819] [0.0, 1.0, 0.0] [-0.258819, 0.0, -0.965926] [173.368, 0.0, -555.719]]
}

node{
  name:t="tr_village_18"
  tm:m=[[-0.965926, 0.0, 0.258819] [0.0, 1.0, 0.0] [-0.258819, 0.0, -0.965926] [192.725, 0.0, -565.423]]
}