className:t="composit"
size:p2=1024.0, 256.0

airfield{
  start:p3=1059.0, 0.0, 0.0
  end:p3=-1024.0, 0.0, 0.0
  width:r=210.0
  spawn:p3=865.0, 0.0, -6.0
  spawn:p3=878.0, 0.0, 6.0
  spawn:p3=889.0, 0.0, -6.0
  spawn:p3=902.0, 0.0, 6.0
  spawn:p3=913.0, 0.0, -6.0
  spawn:p3=926.0, 0.0, 6.0
  spawn:p3=938.0, 0.0, -6.0
  spawn:p3=951.0, 0.0, 6.0
  spawn:p3=962.0, 0.0, -6.0
  spawn:p3=975.0, 0.0, 6.0
  spawn:p3=987.0, 0.0, -6.0
  spawn:p3=1000.0, 0.0, 6.0
  spawn:p3=1011.0, 0.0, -6.0
  spawn:p3=1023.0, 0.0, 6.0
  spawn:p3=1035.0, 0.0, -6.0
  spawn:p3=1048.0, 0.0, 6.0
}

node{
  name:t="^^dynaf_bulge_winter_3line_2k_mesh"
  tm:m=[[1.0, 0.0, 0.0] [0.0, 1.0, 0.0] [0.0, 0.0, 1.0] [0.0, 3.0, 0.0]]
}

node{
  name:t="+NoTreesBox001"
  tm:m=[[1600.0, 0.0, 0.0] [0.0, 15.0, 0.0] [0.0, 0.0, 32.0] [62.0, 0.0, 0.0]]
}

node{
  name:t="+NoTreesBox002"
  tm:m=[[400.0, 0.0, 0.0] [0.0, 15.0, 0.0] [0.0, 0.0, 400.0] [-633.0, 0.0, -244.0]]
}

node{
  name:t="+NoTreesBox003"
  tm:m=[[588.0, 0.0, 0.0] [0.0, 15.0, 0.0] [0.0, 0.0, 400.0] [344.0, 0.0, -88.0]]
}

node{
  name:t="bulge_big_hangar_rendinst"
  tm:m=[[1.0, 0.0, 0.0] [0.0, 1.0, 0.0] [0.0, 0.0, 1.0] [-634.918, 1.53501e-05, -518.573]]
}

node{
  name:t="bulge_big_hangar_rendinst"
  tm:m=[[0.258819, 0.0, -0.965926] [0.0, 1.0, 0.0] [0.965926, 0.0, 0.258819] [37.66, 1.52588e-05, -462.553]]
}

node{
  name:t="bulge_big_hangar_rendinst"
  tm:m=[[0.258819, 0.0, -0.965926] [0.0, 1.0, 0.0] [0.965926, 0.0, 0.258819] [111.722, 1.52588e-05, -438.96]]
}

node{
  name:t="bulge_big_hangar_rendinst"
  tm:m=[[0.258819, 0.0, -0.965926] [0.0, 1.0, 0.0] [0.965926, 0.0, 0.258819] [194.156, 1.52588e-05, -416.848]]
}

node{
  name:t="bulge_big_hangar_rendinst"
  tm:m=[[-0.258819, 0.0, -0.965926] [0.0, 1.0, 0.0] [0.965926, 0.0, -0.258819] [392.629, 1.52588e-05, -429.065]]
}

node{
  name:t="bulge_big_hangar_rendinst"
  tm:m=[[-0.258819, 0.0, -0.965926] [0.0, 1.0, 0.0] [0.965926, 0.0, -0.258819] [499.356, 1.52588e-05, -455.852]]
}

node{
  name:t="bulge_big_hangar_rendinst"
  tm:m=[[-0.173648, 0.0, -0.984808] [0.0, 1.0, 0.0] [0.984808, 0.0, -0.173648] [615.171, 1.52588e-05, -481.814]]
}

node{
  name:t="bulge_caponeer_rendinst"
  tm:m=[[-1.0, 0.0, 1.50996e-07] [0.0, 1.0, 0.0] [-1.50996e-07, 0.0, -1.0] [-384.03, -0.248116, -437.07]]
}

node{
  name:t="bulge_caponeer_rendinst"
  tm:m=[[-1.0, 0.0, 1.50996e-07] [0.0, 1.0, 0.0] [-1.50996e-07, 0.0, -1.0] [-427.045, -0.248116, -437.07]]
}

node{
  name:t="bulge_caponeer_rendinst"
  tm:m=[[-1.0, 0.0, 1.50996e-07] [0.0, 1.0, 0.0] [-1.50996e-07, 0.0, -1.0] [-470.06, -0.248116, -437.07]]
}

node{
  name:t="bulge_caponeer_rendinst"
  tm:m=[[-1.0, 0.0, 1.50996e-07] [0.0, 1.0, 0.0] [-1.50996e-07, 0.0, -1.0] [-513.074, -0.248116, -437.07]]
}

node{
  name:t="bulge_caponeer_rendinst"
  tm:m=[[-1.0, 0.0, 1.50996e-07] [0.0, 1.0, 0.0] [-1.50996e-07, 0.0, -1.0] [-556.089, -0.248116, -437.07]]
}

node{
  name:t="bulge_caponeer_rendinst"
  tm:m=[[-1.0, 0.0, 1.50996e-07] [0.0, 1.0, 0.0] [-1.50996e-07, 0.0, -1.0] [-599.103, -0.248116, -437.07]]
}

node{
  name:t="bulge_caponeer_rendinst"
  tm:m=[[-1.0, 0.0, 1.50996e-07] [0.0, 1.0, 0.0] [-1.50996e-07, 0.0, -1.0] [-642.118, -0.248116, -437.07]]
}

node{
  name:t="bulge_caponeer_rendinst"
  tm:m=[[-1.0, 0.0, 1.50996e-07] [0.0, 1.0, 0.0] [-1.50996e-07, 0.0, -1.0] [-981.939, -0.248116, -436.707]]
}

node{
  name:t="bulge_caponeer_rendinst"
  tm:m=[[-1.0, 0.0, 1.50996e-07] [0.0, 1.0, 0.0] [-1.50996e-07, 0.0, -1.0] [-935.785, -0.248116, -436.707]]
}

node{
  name:t="bulge_caponeer_rendinst"
  tm:m=[[-1.0, 0.0, 1.50996e-07] [0.0, 1.0, 0.0] [-1.50996e-07, 0.0, -1.0] [-886.015, -0.248116, -436.707]]
}

node{
  name:t="bulge_caponeer_rendinst"
  tm:m=[[-1.0, 0.0, 1.50996e-07] [0.0, 1.0, 0.0] [-1.50996e-07, 0.0, -1.0] [-836.698, -0.248116, -436.707]]
}

node{
  name:t="bulge_caponeer_rendinst"
  tm:m=[[1.0, 0.0, 0.0] [0.0, 1.0, 0.0] [0.0, 0.0, 1.0] [-721.469, -0.248116, -372.196]]
}

node{
  name:t="bulge_caponeer_rendinst"
  tm:m=[[1.0, 0.0, 0.0] [0.0, 1.0, 0.0] [0.0, 0.0, 1.0] [-771.239, -0.248116, -372.196]]
}

node{
  name:t="bulge_caponeer_rendinst"
  tm:m=[[1.0, 0.0, 0.0] [0.0, 1.0, 0.0] [0.0, 0.0, 1.0] [-675.315, -0.248116, -372.196]]
}

node{
  name:t="bulge_caponeer_rendinst"
  tm:m=[[1.0, 0.0, 0.0] [0.0, 1.0, 0.0] [0.0, 0.0, 1.0] [-820.557, -0.248116, -372.196]]
}

node{
  name:t="bulge_hangar_3_rendinst"
  tm:m=[[-1.62921e-07, 0.0, 1.0] [0.0, 1.0, 0.0] [-1.0, 0.0, -1.62921e-07] [-676.713, 1.52588e-05, -580.781]]
}

node{
  name:t="bulge_hangar_3_rendinst"
  tm:m=[[3.13916e-07, 0.0, -1.0] [0.0, 1.0, 0.0] [1.0, 0.0, 3.13916e-07] [-708.081, 1.52588e-05, -580.781]]
}

node{
  name:t="bulge_tech_building_2_rendinst"
  tm:m=[[1.0, 0.0, 0.0] [0.0, 1.0, 0.0] [0.0, 0.0, 1.0] [-838.28, 1.52588e-05, -479.705]]
}

node{
  name:t="bulge_tech_building_2_rendinst"
  tm:m=[[1.0, 0.0, 0.0] [0.0, 1.0, 0.0] [0.0, 0.0, 1.0] [-838.28, 1.52588e-05, -496.176]]
}

node{
  name:t="bulge_tech_building_2_rendinst"
  tm:m=[[1.0, 0.0, 0.0] [0.0, 1.0, 0.0] [0.0, 0.0, 1.0] [-838.28, 1.52588e-05, -512.648]]
}

node{
  name:t="bulge_tech_building_2_rendinst"
  tm:m=[[1.0, 0.0, 0.0] [0.0, 1.0, 0.0] [0.0, 0.0, 1.0] [-838.28, 1.52588e-05, -529.119]]
}

node{
  name:t="bulge_tech_building_2_rendinst"
  tm:m=[[1.0, 0.0, 0.0] [0.0, 1.0, 0.0] [0.0, 0.0, 1.0] [-838.28, 1.52588e-05, -545.591]]
}

node{
  name:t="bulge_tech_building_2_rendinst"
  tm:m=[[1.0, 0.0, 0.0] [0.0, 1.0, 0.0] [0.0, 0.0, 1.0] [-640.483, 1.52588e-05, -479.909]]
}

node{
  name:t="bulge_control_tower_2_rendinst"
  tm:m=[[1.0, 0.0, 0.0] [0.0, 1.0, 0.0] [0.0, 0.0, 1.0] [-728.506, 1.52588e-05, -574.744]]
}

node{
  name:t="bulge_hangar_2_rendinst"
  tm:m=[[-1.62921e-07, 0.0, 1.0] [0.0, 1.0, 0.0] [-1.0, 0.0, -1.62921e-07] [-865.426, 1.52588e-05, -538.12]]
}

node{
  name:t="bulge_hangar_2_rendinst"
  tm:m=[[-1.62921e-07, 0.0, 1.0] [0.0, 1.0, 0.0] [-1.0, 0.0, -1.62921e-07] [-882.114, 1.52588e-05, -538.12]]
}

node{
  name:t="bulge_control_tower_1_rendinst"
  tm:m=[[1.0, 0.0, 0.0] [0.0, 1.0, 0.0] [0.0, 0.0, 1.0] [-652.748, 1.52588e-05, -450.49]]
}

node{
  name:t="bulge_control_tower_1_rendinst"
  tm:m=[[-1.0, 0.0, 1.50996e-07] [0.0, 1.0, 0.0] [-1.50996e-07, 0.0, -1.0] [-834.036, 1.52588e-05, -451.213]]
}

node{
  name:t="bulge_hangar_1_rendinst"
  tm:m=[[1.0, 0.0, 0.0] [0.0, 1.0, 0.0] [0.0, 0.0, 1.0] [-620.047, 1.52588e-05, -452.891]]
}

node{
  name:t="bulge_hangar_1_rendinst"
  tm:m=[[1.0, 0.0, 0.0] [0.0, 1.0, 0.0] [0.0, 0.0, 1.0] [-620.047, 1.52588e-05, -466.629]]
}

node{
  name:t="bulge_hangar_1_rendinst"
  tm:m=[[-1.62921e-07, 0.0, -1.0] [0.0, 1.0, 0.0] [1.0, 0.0, -1.62921e-07] [-604.015, 1.52588e-05, -464.917]]
}

node{
  name:t="bulge_hangar_1_rendinst"
  tm:m=[[-1.62921e-07, 0.0, -1.0] [0.0, 1.0, 0.0] [1.0, 0.0, -1.62921e-07] [-590.278, 1.52588e-05, -464.917]]
}

node{
  name:t="bulge_hangar_1_rendinst"
  tm:m=[[-1.62921e-07, 0.0, -1.0] [0.0, 1.0, 0.0] [1.0, 0.0, -1.62921e-07] [-546.168, 1.52588e-05, -464.55]]
}

node{
  name:t="bulge_hangar_1_rendinst"
  tm:m=[[-1.62921e-07, 0.0, -1.0] [0.0, 1.0, 0.0] [1.0, 0.0, -1.62921e-07] [-532.43, 1.52588e-05, -464.55]]
}

node{
  name:t="bulge_hangar_1_rendinst"
  tm:m=[[-1.62921e-07, 0.0, -1.0] [0.0, 1.0, 0.0] [1.0, 0.0, -1.62921e-07] [-918.647, 1.52588e-05, -464.16]]
}

node{
  name:t="bulge_hangar_1_rendinst"
  tm:m=[[-1.62921e-07, 0.0, -1.0] [0.0, 1.0, 0.0] [1.0, 0.0, -1.62921e-07] [-904.909, 1.52588e-05, -464.16]]
}

node{
  name:t="bulge_tent_1_rendinst"
  tm:m=[[7.54979e-08, 0.0, 1.0] [0.0, 1.0, 0.0] [-1.0, 0.0, 7.54979e-08] [1369.63, 1.52588e-05, -558.531]]
}

node{
  name:t="bulge_big_army_tent_rendinst"
  tm:m=[[7.54979e-08, 0.0, 1.0] [0.0, 1.0, 0.0] [-1.0, 0.0, 7.54979e-08] [1355.1, 1.52588e-05, -558.078]]
}

node{
  name:t="bulge_tent_2_rendinst"
  tm:m=[[-0.766044, 0.0, 0.642788] [0.0, 1.0, 0.0] [-0.642788, 0.0, -0.766044] [1359.72, 1.52588e-05, -578.531]]
}

node{
  name:t="bulge_tent_1_rendinst"
  tm:m=[[7.54979e-08, 0.0, 1.0] [0.0, 1.0, 0.0] [-1.0, 0.0, 7.54979e-08] [1362.1, 1.52588e-05, -571.133]]
}

node{
  name:t="bulge_army_tent_rendinst"
  tm:m=[[7.54979e-08, 0.0, 1.0] [0.0, 1.0, 0.0] [-1.0, 0.0, 7.54979e-08] [1347.92, 1.52588e-05, -572.441]]
}

node{
  name:t="bulge_tent_1_rendinst"
  tm:m=[[-0.965926, 0.0, 0.258819] [0.0, 1.0, 0.0] [-0.258819, 0.0, -0.965926] [1349.86, 1.52588e-05, -544.026]]
}

node{
  name:t="bulge_tent_1_rendinst"
  tm:m=[[7.54979e-08, 0.0, 1.0] [0.0, 1.0, 0.0] [-1.0, 0.0, 7.54979e-08] [1367.52, 1.52588e-05, -564.331]]
}

node{
  name:t="bulge_tent_1_rendinst"
  tm:m=[[7.54979e-08, 0.0, 1.0] [0.0, 1.0, 0.0] [-1.0, 0.0, 7.54979e-08] [1367.52, 1.52588e-05, -545.74]]
}

node{
  name:t="bulge_tent_1_rendinst"
  tm:m=[[7.54979e-08, 0.0, 1.0] [0.0, 1.0, 0.0] [-1.0, 0.0, 7.54979e-08] [1368.54, 1.52588e-05, -551.853]]
}

node{
  name:t="bulge_tent_1_rendinst"
  tm:m=[[7.54979e-08, 0.0, 1.0] [0.0, 1.0, 0.0] [-1.0, 0.0, 7.54979e-08] [1365.53, 1.52588e-05, -539.326]]
}

node{
  name:t="bulge_tent_1_rendinst"
  tm:m=[[-0.173648, 0.0, 0.984808] [0.0, 1.0, 0.0] [-0.984808, 0.0, -0.173648] [1371.77, 1.52588e-05, -532.979]]
}

node{
  name:t="bulge_tent_1_rendinst"
  tm:m=[[-0.766044, 0.0, 0.642788] [0.0, 1.0, 0.0] [-0.642788, 0.0, -0.766044] [1360.28, 1.52588e-05, -527.988]]
}

node{
  name:t="bulge_hangar_1_rendinst"
  tm:m=[[-4.64912e-07, 0.0, -1.0] [0.0, 1.0, 0.0] [1.0, 0.0, -4.64912e-07] [1346.33, 1.52588e-05, -521.038]]
}

node{
  name:t="bulge_barracks_2_rendinst"
  tm:m=[[-1.62921e-07, 0.0, -1.0] [0.0, 1.0, 0.0] [1.0, 0.0, -1.62921e-07] [1341.74, 1.52588e-05, -651.979]]
}

node{
  name:t="bulge_windvane_rendinst"
  tm:m=[[1.0, 0.0, 0.0] [0.0, 1.0, 0.0] [0.0, 0.0, 1.0] [1354.61, 1.52588e-05, -615.621]]
}

node{
  name:t="bulge_tent_1_rendinst"
  tm:m=[[1.0, 0.0, 0.0] [0.0, 1.0, 0.0] [0.0, 0.0, 1.0] [1310.53, 1.52588e-05, -622.846]]
}

node{
  name:t="bulge_tent_1_rendinst"
  tm:m=[[1.0, 0.0, 0.0] [0.0, 1.0, 0.0] [0.0, 0.0, 1.0] [1302.62, 1.52588e-05, -622.846]]
}

node{
  name:t="bulge_big_army_tent_rendinst"
  tm:m=[[1.0, 0.0, 0.0] [0.0, 1.0, 0.0] [0.0, 0.0, 1.0] [1345.03, 1.52588e-05, -628.853]]
}

node{
  name:t="bulge_army_tent_rendinst"
  tm:m=[[1.0, 0.0, 0.0] [0.0, 1.0, 0.0] [0.0, 0.0, 1.0] [1344.53, 1.52588e-05, -609.568]]
}

node{
  name:t="bulge_tent_1_rendinst"
  tm:m=[[1.0, 0.0, 0.0] [0.0, 1.0, 0.0] [0.0, 0.0, 1.0] [1306.14, 1.52588e-05, -632.285]]
}

node{
  name:t="bulge_tent_1_rendinst"
  tm:m=[[1.0, 0.0, 0.0] [0.0, 1.0, 0.0] [0.0, 0.0, 1.0] [1298.23, 1.52588e-05, -632.285]]
}

node{
  name:t="bulge_tent_1_rendinst"
  tm:m=[[1.0, 0.0, 0.0] [0.0, 1.0, 0.0] [0.0, 0.0, 1.0] [1290.33, 1.52588e-05, -632.285]]
}

node{
  name:t="bulge_barracks_1_rendinst"
  tm:m=[[1.0, 0.0, 0.0] [0.0, 1.0, 0.0] [0.0, 0.0, 1.0] [1345.34, 1.52588e-05, -642.95]]
}

node{
  name:t="bulge_tent_1_rendinst"
  tm:m=[[1.0, 0.0, 0.0] [0.0, 1.0, 0.0] [0.0, 0.0, 1.0] [1278.91, 1.52588e-05, -622.846]]
}

node{
  name:t="bulge_tent_1_rendinst"
  tm:m=[[1.0, 0.0, 0.0] [0.0, 1.0, 0.0] [0.0, 0.0, 1.0] [1286.81, 1.52588e-05, -622.846]]
}

node{
  name:t="bulge_tent_1_rendinst"
  tm:m=[[1.0, 0.0, 0.0] [0.0, 1.0, 0.0] [0.0, 0.0, 1.0] [1294.72, 1.52588e-05, -622.846]]
}

node{
  name:t="bulge_big_army_tent_rendinst"
  tm:m=[[0.573576, 0.0, 0.819152] [0.0, 1.0, 0.0] [-0.819152, 0.0, 0.573576] [1367.25, 1.52588e-05, -623.267]]
}

node{
  name:t="bulge_tent_1_rendinst"
  tm:m=[[1.0, 0.0, 0.0] [0.0, 1.0, 0.0] [0.0, 0.0, 1.0] [1282.42, 1.52588e-05, -632.285]]
}

node{
  name:t="bulge_tent_1_rendinst"
  tm:m=[[1.0, 0.0, 0.0] [0.0, 1.0, 0.0] [0.0, 0.0, 1.0] [1274.52, 1.52588e-05, -632.285]]
}

node{
  name:t="bulge_tent_1_rendinst"
  tm:m=[[0.984808, 0.0, -0.173648] [0.0, 1.0, 0.0] [0.173648, 0.0, 0.984808] [574.5, 1.52588e-05, -472.524]]
}

node{
  name:t="bulge_army_tent_rendinst"
  tm:m=[[0.984808, 0.0, -0.173648] [0.0, 1.0, 0.0] [0.173648, 0.0, 0.984808] [580.904, 1.52588e-05, -483.77]]
}

node{
  name:t="bulge_tent_1_rendinst"
  tm:m=[[0.866025, 0.0, -0.5] [0.0, 1.0, 0.0] [0.5, 0.0, 0.866025] [582.708, 1.52588e-05, -473.971]]
}

node{
  name:t="barrels_winter_rendinst"
  tm:m=[[0.984808, 0.0, -0.173648] [0.0, 1.0, 0.0] [0.173648, 0.0, 0.984808] [579.358, 1.52588e-05, -499.364]]
}

node{
  name:t="bulge_barracks_1_rendinst"
  tm:m=[[-0.984808, 0.0, 0.173648] [0.0, 1.0, 0.0] [-0.173648, 0.0, -0.984808] [563.927, 1.52588e-05, -481.13]]
}

node{
  name:t="st_winter_tent_camouflage_rendinst"
  tm:m=[[-0.258819, 0.0, -0.965926] [0.0, 1.0, 0.0] [0.965926, 0.0, -0.258819] [565.445, 1.52588e-05, -470.88]]
}

node{
  name:t="bulge_hangar_1_rendinst"
  tm:m=[[0.965926, 0.0, 0.258819] [0.0, 1.0, 0.0] [-0.258819, 0.0, 0.965926] [70.3488, 1.52588e-05, -434.865]]
}

node{
  name:t="bulge_hangar_1_rendinst"
  tm:m=[[0.965926, 0.0, 0.258819] [0.0, 1.0, 0.0] [-0.258819, 0.0, 0.965926] [75.195, 1.52588e-05, -449.098]]
}

node{
  name:t="bulge_hangar_1_rendinst"
  tm:m=[[0.965926, 0.0, 0.258819] [0.0, 1.0, 0.0] [-0.258819, 0.0, 0.965926] [80.0413, 1.52588e-05, -463.331]]
}

node{
  name:t="bulge_hangar_1_rendinst"
  tm:m=[[-0.422618, 0.0, 0.906308] [0.0, 1.0, 0.0] [-0.906308, 0.0, -0.422618] [258.613, 1.52588e-05, -438.768]]
}

node{
  name:t="bulge_hangar_1_rendinst"
  tm:m=[[-0.173648, 0.0, 0.984808] [0.0, 1.0, 0.0] [-0.984808, 0.0, -0.173648] [229.797, 1.52588e-05, -446.301]]
}

node{
  name:t="bulge_control_tower_1_rendinst"
  tm:m=[[-1.0, 0.0, 1.50996e-07] [0.0, 1.0, 0.0] [-1.50996e-07, 0.0, -1.0] [1325.96, 1.52588e-05, -594.344]]
}

node{
  name:t="bulge_barracks_1_rendinst"
  tm:m=[[0.173648, 0.0, 0.984808] [0.0, 1.0, 0.0] [-0.984808, 0.0, 0.173648] [521.469, 1.52588e-05, -474.195]]
}

node{
  name:t="bulge_barracks_1_rendinst"
  tm:m=[[0.258819, 0.0, 0.965926] [0.0, 1.0, 0.0] [-0.965926, 0.0, 0.258819] [530.602, 1.52588e-05, -476.965]]
}

node{
  name:t="bulge_tent_1_rendinst"
  tm:m=[[1.0, 0.0, 0.0] [0.0, 1.0, 0.0] [0.0, 0.0, 1.0] [-982.927, 1.52588e-05, -613.477]]
}

node{
  name:t="bulge_tent_1_rendinst"
  tm:m=[[1.0, 0.0, 0.0] [0.0, 1.0, 0.0] [0.0, 0.0, 1.0] [-990.832, 1.52588e-05, -613.477]]
}

node{
  name:t="bulge_tent_1_rendinst"
  tm:m=[[1.0, 0.0, 0.0] [0.0, 1.0, 0.0] [0.0, 0.0, 1.0] [-998.738, 1.52588e-05, -613.477]]
}

node{
  name:t="bulge_tent_1_rendinst"
  tm:m=[[1.0, 0.0, 0.0] [0.0, 1.0, 0.0] [0.0, 0.0, 1.0] [-1006.64, 1.52588e-05, -613.477]]
}

node{
  name:t="bulge_tent_1_rendinst"
  tm:m=[[1.0, 0.0, 0.0] [0.0, 1.0, 0.0] [0.0, 0.0, 1.0] [-1014.55, 1.52588e-05, -613.477]]
}

node{
  name:t="bulge_tent_1_rendinst"
  tm:m=[[1.0, 0.0, 0.0] [0.0, 1.0, 0.0] [0.0, 0.0, 1.0] [-1010.16, 1.52588e-05, -604.038]]
}

node{
  name:t="bulge_tent_1_rendinst"
  tm:m=[[1.0, 0.0, 0.0] [0.0, 1.0, 0.0] [0.0, 0.0, 1.0] [-1002.26, 1.52588e-05, -604.038]]
}

node{
  name:t="bulge_tent_1_rendinst"
  tm:m=[[1.0, 0.0, 0.0] [0.0, 1.0, 0.0] [0.0, 0.0, 1.0] [-994.35, 1.52588e-05, -604.038]]
}

node{
  name:t="bulge_tent_1_rendinst"
  tm:m=[[1.0, 0.0, 0.0] [0.0, 1.0, 0.0] [0.0, 0.0, 1.0] [-986.445, 1.52588e-05, -604.038]]
}

node{
  name:t="bulge_tent_1_rendinst"
  tm:m=[[1.0, 0.0, 0.0] [0.0, 1.0, 0.0] [0.0, 0.0, 1.0] [-978.539, 1.52588e-05, -604.038]]
}

node{
  name:t="bulge_big_army_tent_rendinst"
  tm:m=[[1.0, 0.0, 0.0] [0.0, 1.0, 0.0] [0.0, 0.0, 1.0] [-995.572, 1.52588e-05, -592.978]]
}

node{
  name:t="barrels_winter_rendinst"
  tm:m=[[1.0, 0.0, 0.0] [0.0, 1.0, 0.0] [0.0, 0.0, 1.0] [-536.236, 1.52588e-05, -443.023]]
}

node{
  name:t="barrels_winter_rendinst"
  tm:m=[[1.0, 0.0, 0.0] [0.0, 1.0, 0.0] [0.0, 0.0, 1.0] [-580.916, 1.52588e-05, -444.185]]
}

node{
  name:t="barrels_winter_rendinst"
  tm:m=[[1.0, 0.0, 0.0] [0.0, 1.0, 0.0] [0.0, 0.0, 1.0] [-861.416, 1.52588e-05, -442.244]]
}

node{
  name:t="barrels_winter_rendinst"
  tm:m=[[1.0, 0.0, 0.0] [0.0, 1.0, 0.0] [0.0, 0.0, 1.0] [-963.256, 1.52588e-05, -443.937]]
}